1046
1048
10484
10488
1049
10490
10491
10494
10497
10498
10499
1050
10501
10502
10503
1051
10510
10511
10513
10519
1052
10522
10536
10539
1054
10544
10545
10548
10550
10556
10558
10561
10570
10572
1058
10584
10590
10591
1060
10604
10605
1061
10611
10616
1062
10635
106368
106384
106398
1064
106405
106426
106427
106473
1065
106525
106576
106638
106645
106662
106664
106668
1069
10695
10709
10710
107253
107260
107265
107282
107283
107286
107288
10730
107301
107317
10732
107321
107329
10734
107377
10742
107433
107437
107441
107472
107506
107507
107535
107549
107568
107577
107599
107691
107698
10810
108798
108807
108810
108813
108825
108840
108848
108856
108858
108861
108868
108869
108890
108899
108901
108906
108909
108917
108924
108929
109082
109679
109686
109688
109693
109715
109722
109726
109740
109741
109745
109746
109752
109754
109759
109762
110
110511
110532
111041
111042
111048
111068
111188
111204
111226
111247
11173
11177
11179
11181
112
11233
11246
11268
11296
11302
11304
11309
11315
113506
113509
113519
113527
113536
113571
113618
113619
11371
11380
11386
11387
114
11400
11423
11429
1145
11458
1146
11476
11478
11482
11489
114912
115
11502
11506
11518
1154
11543
11558
11560
11563
11566
1157
1158
11582
11588
1159
1162
116381
116386
1165
1166
116731
116739
1168
117
1170
1173
1175
1177
1178
1179
118
1181
1184
1187
1188
118881
118884
118895
118899
1189
118912
118922
1193
1203
1206
1208
121
1210
1211
121157
121164
121172
121196
121208
121214
121261
121265
121266
121271
1213
1214
1217
1220
122047
122055
122057
122075
1221
122290
122313
122338
122360
122375
122412
122428
122432
122449
122469
122477
1230
1232
1233
1234
12342
12345
1236
12368
12369
12371
1238
12381
12389
1239
12390
12392
12393
124
12400
124037
124057
124062
124073
124075
12410
12412
12417
12418
1242
12428
124313
12436
12444
124443
1245
124504
124506
124507
124508
12458
1246
12463
1247
12475
124757
1249
1250
1253
1255
12580
125885
1260
126023
126024
12605
126134
12614
126141
126147
126158
126162
126187
126214
12623
126275
126278
126281
126333
1264
1265
1267
1268
126810
126813
12696
12697
1272
1273
1274
1275
1277
1280
12814
12815
12825
1284
1285
1287
128948
1290
12940
129459
12946
129465
129471
129490
129491
1295
12950
129501
129513
129529
129535
129546
12955
129557
129564
129570
129577
129580
129584
1296
12960
129600
129624
129626
129628
12963
129633
129648
12965
129653
129658
129659
129668
129671
129688
129692
1297
129707
129708
129709
129719
129724
129726
129730
129735
12974
129740
129742
129753
12977
129786
129788
12979
129790
129792
129798
1298
129804
1299
129906
129911
12996
12997
1300
13001
1301
13016
1302
13025
13031
130323
130345
130346
13035
130353
13036
130373
130378
13038
130381
130386
13039
13040
13048
130489
130498
130504
130515
130522
130527
13053
130534
130538
130539
130549
130591
130630
130634
130644
130672
13068
130686
1307
130707
130718
1308
13080
13082
13088
1309
130900
13096
13100
131011
13104
13106
13107
13117
13122
13129
1313
13130
13137
13138
13139
1314
13140
13146
13147
1315
13156
13157
13158
13161
13162
13167
13172
1318
13197
1320
13204
132064
132120
132123
132214
132218
132226
1323
1324
1325
1330
134744
134746
134748
134752
134762
135
135185
135189
135195
135217
135234
135236
135246
135263
135264
135271
1354
1355
1356
1357
136040
136041
136138
136140
136142
136159
136170
136194
136196
136205
136209
136212
136282
136284
136290
1364
1365
1366
1368
1369
137
1370
13778
138
138571
139
139395
139396
139397
139401
139428
139429
139447
139452
139453
139461
139462
139463
139465
139467
139470
139485
139487
139494
139664
139666
139667
139683
139686
139705
139708
139715
139721
139730
139736
139738
139741
139742
140164
140184
140189
140190
140194
140201
140217
140219
140338
140339
141804
141818
141976
142
142009
142045
142062
142361
142365
1427
1430
143018
143021
143199
1432
1433
143333
1436
143607
143682
1437
1438
1439
144249
144260
144276
144286
1444
14454
14467
14469
14471
14472
14475
14485
14486
14487
14489
14490
14493
14494
145
1450
1451
14520
14521
14523
14524
14525
14535
14536
1454
14540
14551
14552
1456
14569
14572
14575
14578
145811
145812
145813
145817
14589
14593
145964
145967
145971
14599
146
146006
146010
1461
14617
146173
146175
14618
14624
14626
14639
14644
146444
1465
14657
146597
146599
14660
14668
14670
14671
146743
14675
146754
14676
146761
14677
146773
1468
14681
14698
14699
147
14700
14705
14716
14717
14718
14719
1472
14720
14721
147373
147375
147407
147431
147439
14753
1493
150
1502
1507
150833
150995
151
1510
151067
151089
151097
1511
151143
151154
151164
151165
151169
1512
15125
15146
15149
15156
1517
15172
15196
15197
151987
152
1520
152032
152044
15206
152060
152063
152080
152091
15214
15219
1522
15221
15225
1523
15230
15236
15237
1524
15240
15241
152549
152553
152556
152585
152588
152595
1526
152694
152705
152716
152887
152926
152974
152980
153003
153058
153102
153122
153135
1532
153279
153280
153289
153298
153419
153450
153452
153471
153486
1535
15359
1537
15371
1538
15381
15387
1539
15391
15392
15394
153946
153962
153964
153970
153972
153980
153981
154
15400
154010
154081
15415
15419
15423
15424
15425
154258
15427
155
1551
1552
1554
1555
1559
1565
1566
1567
157201
157291
1573
1574
157406
157411
157419
157432
15765
15773
157732
15780
15787
157878
157879
157881
15790
15791
157919
15792
157920
157922
157923
157924
157925
157926
157928
157929
157931
157932
157933
157934
157936
157937
15794
157950
157977
1580
15802
15805
15807
1581
15810
158100
158104
158106
158109
158110
158112
158113
158117
158118
15812
158120
158121
158123
158125
158129
15813
158136
15817
1582
15826
1583
1585
1586
158687
15874
15875
15879
15882
15883
158900
159
1590
159029
159035
159038
159049
159050
159051
159053
159055
159068
159069
159117
159129
159137
159139
1592
159228
159268
159270
159274
159322
159324
159326
159328
159399
1594
159413
1596
1597
159817
1599
1601
1605
1609
161
1621
1622
1627
1628
1632
1637
1638
1641
1642
16424
1643
16433
16437
1644
16441
16443
16444
16445
1645
16452
16455
16457
1646
1647
1648
1649
1650
1651
1652
1654
1655
1656
1657
1658
1659
166
1660
1661
1662
16626
16627
16629
1664
1665
1666
1667
1668
1670
1671
1672
1673
1674
1675
1676
1677
1678
1679
1680
1681
1682
1683
1684
1685
1686
1687
1688
1689
1691
1692
1693
1694
1696
1697
170971
170977
170978
170991
170993
171
172
1729
1730
1731
1733
1738
174
1740
1742
1743
1747
174799
174835
174845
174863
174870
174871
174873
174876
174881
174922
174924
174925
174931
174943
174948
174952
174953
174973
174975
174986
174987
174988
174989
175
1750
175006
175015
175054
175058
175062
175064
175073
175103
175113
175114
175124
175127
175134
175253
175394
1754
175401
1756
1758
176430
176435
176447
176448
176455
1765
1766
1769
1771
177476
1775
177530
177542
177585
177596
1777
1778
1779
177927
178
178014
178017
178019
178020
178021
178022
178023
178024
178025
178026
178027
178028
178094
178096
178131
178140
178145
1782
1783
1785
1786
1788
179
1791
1792
179245
179248
179252
1793
179434
179438
179443
179496
1795
179512
179542
179551
179556
179560
179576
179578
179585
179589
179597
1796
179601
179602
179603
179612
179633
179892
1799
180
1800
1801
180147
180158
180350
180361
180362
180423
180454
180455
180457
180473
180493
180516
180595
180597
1806
180604
180605
180622
180624
181
1811
1815
1816
1817
1819
182607
182608
183
183019
183025
183068
183414
183417
183418
1838
1839
1840
1841
1842
1843
1844
1845
184646
184656
184695
1847
184711
184728
184769
1848
184991
184992
184994
184995
185047
185053
185060
1853
1854
1855
1856
185696
185698
185699
1857
185707
185709
185727
185743
1858
185812
1859
1860
1861
1862
1863
186321
186329
186392
1864
1866
1871
1875
1876
1878
1881
1882
1883
1888
1889
188965
189
189082
189145
189146
189159
189162
189211
189212
189213
189214
189215
189216
189217
189218
189219
189221
189222
189223
189226
189227
189230
189234
189235
189240
189241
189243
189245
189246
189247
189248
189249
189250
189251
189252
189253
189254
1895
1896
189621
189641
189652
1897
189874
189877
189878
189880
189883
189884
189885
189888
189891
189892
189894
189895
189898
189899
1899
189900
189902
189905
189907
189914
189923
189924
190
1900
1901
190160
190170
190174
190178
190193
190194
190195
190198
1902
190395
190407
190534
190540
190543
190545
190548
190552
190558
190570
190571
190578
1908
1909
191
1910
191053
191054
191056
191059
191060
191063
191065
191068
191070
191071
191074
191075
191080
191087
191094
1911
191102
1912
1913
191318
191319
191320
191321
191336
191340
191353
191361
191369
191378
191384
191392
191393
191397
1915
191540
192
192214
192215
192222
192225
192226
192227
192231
192232
1923
19239
1924
1925
1926
1927
1928
1931
1933
1934
193414
193420
193426
193431
193432
193433
193453
193464
193468
193478
193480
193485
193491
1935
193505
193514
193515
193537
193538
193542
193543
193544
193545
193557
193558
193583
193593
1936
193602
193611
193621
193638
1937
193740
193749
193750
193751
193753
193767
1938
193868
193870
193871
193872
1939
193931
193962
193994
1940
194046
194061
194109
194243
194255
194270
194323
194332
1944
194423
194424
1945
1946
194681
1947
1948
1949
194902
194907
194912
194918
194926
194928
194929
194938
194940
194944
194951
194970
194973
194974
19536
19540
19557
19563
19578
19579
19585
19587
196
1960
19607
19608
19609
1961
1962
19624
19627
19628
1963
19630
19631
19632
1964
1965
1966
1967
19674
1968
19680
196990
196995
196996
196998
196999
1970
197002
197003
197006
197007
197008
197009
197010
197012
197015
197018
197020
197021
197022
197027
197028
197034
197035
197036
197037
1971
19711
19712
197125
197137
197154
19716
197162
1972
1973
19731
197405
1975
1976
1977
197758
197759
197763
197765
197767
197769
197771
19780
19781
197840
197854
197859
197869
197873
197887
1979
197959
1981
198163
198169
198175
198181
1982
19820
19824
198303
198305
198308
198310
198370
1984
19840
19844
1985
198523
19856
19857
1986
19861
19863
1987
1988
1989
1990
1992
1993
1994
1995
1996
1997
2000
2001
2002
201
201136
201227
201273
201282
201286
201302
201324
201565
201570
201781
20179
201790
201791
201796
20180
201809
20181
201813
20182
201822
201826
201829
201830
201831
201834
201835
201836
20184
201845
20185
20187
20188
201881
201882
20195
20196
20198
20199
202
20210
20211
20212
20213
20214
202143
202144
202146
202148
20216
20218
20223
20224
20225
20226
20227
202274
202275
202276
202277
20229
20230
20233
202475
202498
202544
202561
202653
202687
203
20362
20370
20371
20372
20373
20374
20376
20384
20385
20390
20391
20392
20394
20397
20398
204
20402
20403
20411
204974
204975
204976
204982
204986
204988
204992
204998
204999
205
205004
205006
205009
205012
205014
205016
205020
205023
205025
205027
205029
205030
205032
205033
205034
205039
205040
205042
205052
205055
205060
205065
205066
205070
205073
205077
205083
205084
205091
205093
205096
205100
205111
205122
205123
205128
205218
205220
205225
205228
205229
205232
205233
205234
205235
205238
205239
205267
205272
205273
205323
205325
205332
205333
205342
205349
205351
205357
205359
205371
205380
205381
205389
205392
205393
205398
205403
205404
205407
205414
205801
206
207
207102
207103
207333
207334
207335
207337
207887
207897
207898
207899
207900
207901
207907
207911
207918
207920
207999
208
208000
208007
208010
208011
208041
208224
208225
208274
208275
208278
208279
208283
208291
208293
208294
208296
2088
2090
209008
2091
209125
209127
2092
2093
209404
2095
209712
2100
210133
210135
21019
2102
21020
21021
21025
21027
21028
21029
21030
21031
21038
21039
21040
21041
21042
2105
21051
21052
21055
21056
21058
21059
21062
21065
21066
21070
21071
21072
21073
21080
2109
21093
2110
21105
21107
21108
21109
2111
21110
21112
21113
21115
2112
21120
21121
21122
21124
21129
21131
21132
21138
2115
2116
21162
21164
21166
21167
21169
2117
21174
21176
21177
21181
21183
21185
21188
212
2120
2121
2122
212248
2124
2125
2126
21266
2127
21273
21282
2129
213
21306
21310
21319
2132
21334
2134
2135
21363
213728
213761
213770
2138
213802
213804
2140
214030
214053
214062
214072
2141
2142
214352
214365
214384
2144
215074
215085
215091
215111
2158
2159
2163
2165
2167
2169
2171
2173
2174
2177
21785
217998
218
2181
2182
2183
219
2191
2196
2198
2199
220
220019
220050
220062
220068
220073
220075
220077
220082
220086
220090
2201
220116
220122
220125
220127
220172
220176
220179
2202
220227
220244
220251
220259
220268
220277
220279
220294
220298
22030
220389
2204
220451
220452
220453
220457
220458
220462
220465
220468
220471
220474
220475
220476
220477
220483
220489
220491
2205
220507
220508
220515
220549
220558
220559
220562
220564
220565
220567
220568
220572
220582
220583
220634
220638
220652
2208
2209
220960
2210
221111
221174
2212
221219
2213
2214
221526
221565
221569
2216
221639
2217
221892
221893
221896
221898
221985
222
2220
222001
222007
2221
222194
2223
222635
222650
222710
222712
222739
222746
222747
222748
222760
222763
222764
222768
2228
222902
222904
222910
222911
222913
222916
22292
222923
2230
2232
2233
2237
2238
224
2241
2248
2249
2251
2253
2255
2259
2260
2262
2264
226558
226565
2266
226715
226747
226751
226874
226876
226885
2269
226906
227
2270
2271
227150
227222
227223
2274
227668
228
2280
2281
228232
228246
228247
228263
228264
2284
2285
2289
228959
22897
229
2290
22932
22933
22937
22950
22952
2296
22965
2297
22974
22996
230
230000
23022
23023
2303
23041
2306
230622
230624
23065
230756
230768
230777
230786
230787
230794
23081
23104
23109
2311
23111
23112
23124
23127
2313
23135
23137
23138
2314
23162
2317
2318
23192
23207
23208
23209
23210
2322
233059
233065
233181
233232
233250
233255
2339
234446
234560
234699
234706
234709
234710
234711
234713
234719
234848
234855
235
2350
235191
235192
2352
2353
2354
2355
235596
2357
2362
2363
236449
236456
236473
236490
2365
2368
236995
2370
237007
2371
237356
237364
238141
238331
239960
239961
239963
239971
239980
239982
239998
240028
240034
240035
240038
240099
240107
240122
240125
240136
240152
240155
240159
240163
240167
240173
240178
240179
240199
240203
240205
240308
240315
241830
241832
241833
242485
243210
243416
243418
243421
243423
243433
243438
243464
243465
243466
243470
243472
2437
2438
2439
244253
2446
244664
244666
244668
244675
244677
244679
244682
2447
244702
244709
244824
244827
2450
2451
245185
245207
24544
24548
24564
2457
24574
24581
2461
2462
24621
24627
24628
24644
24647
2465
24666
24671
24673
24687
2469
247126
247141
247144
247145
247148
247150
247153
247167
247169
247176
247178
247188
247196
247236
247280
247289
247290
247293
247295
247296
247302
247305
247313
247317
247324
247326
247335
247336
247339
247348
247354
247358
247359
247368
247379
247386
247391
247397
2474
247400
247402
247403
247408
247411
2475
247516
247520
247521
247524
247525
247527
247528
247537
247544
247552
2476
2490
249374
249378
249382
249383
249387
249397
249399
2494
249412
249413
249672
249676
249681
249687
249694
249705
249706
249712
249868
249875
249878
2507
2511
2514
2517
2518
2521
2524
2525
2531
2532
2533
253518
253520
253525
253548
253570
253588
253627
253678
253687
253694
253701
253712
2538
2540
254108
254109
254130
2542
25448
25449
25450
25455
25457
25458
25460
25463
2548
25487
2549
25492
25494
25496
25498
25506
25507
25508
25514
25515
2552
2553
25533
25546
25550
25555
25556
2556
25565
25566
2559
25590
25594
25595
25596
25614
25616
25627
25628
25636
25638
25639
25645
2566
25667
2567
25672
25673
25679
2568
25680
25686
25688
25693
2574
2576
2586
2587
259
259016
2591
25912
25913
25915
25916
259201
259211
25924
259263
259272
259273
259274
259296
25933
2594
259706
259715
259716
25976
260
2600
2602
2603
2608
2609
260986
260987
260989
261
262
2620
2624
2626
26262
26266
262663
262664
262665
262677
26269
2627
262701
262704
262836
262849
262859
26286
262861
262862
26297
2632
2633
2635
26371
2639
26408
2641
26411
26417
2642
26421
26428
2643
26445
2645
2646
2647
26479
2651
265141
265143
265144
265145
265154
265156
265369
265377
265392
265398
2654
265413
265717
265718
265722
265840
26591
26605
266050
26607
26608
26609
26611
26614
26619
26620
26622
26624
26625
26626
266274
26631
26633
26638
26640
26642
26654
26655
26657
26660
2668
26699
26728
26793
268
26841
26844
269
2691
2694
2698
2699
270
2703
270314
270353
270364
270366
270374
270376
270446
270447
270448
270450
270451
270453
270459
2705
2706
270726
270729
270733
270742
270779
270792
270828
270841
270842
270845
270857
270859
270959
2711
271115
271121
271143
271146
271153
271157
271161
271167
271171
271174
271182
271184
271190
271194
271197
2712
271217
271222
271223
271236
271370
2718
27188
272
27227
27247
27253
27254
27256
27257
27258
27260
27262
27266
27271
2729
273
2732
2733
2737
2739
274
275261
275262
275698
275706
275713
27588
27589
276299
276416
27650
27660
27664
27666
27669
27672
277991
278065
278193
278198
278254
2796
2797
279700
279707
279708
279715
2798
279846
279855
279860
279988
279989
279992
279993
2800
28009
2802
280298
2804
2808
2809
2817
2818
2822
2823
2824
2825
282603
2828
2831
2832
2834
2836
2840
2843
284485
284486
284489
2845
2847
2849
2850
2851
2853
2856
2859
2861
2862
2865
2866
2867
2869
2870
2871
2873
2874
2875
2876
2877
2878
2879
2880
28806
28807
2881
2882
2883
2884
2885
288936
289214
289217
290529
290534
2910
2913
2922
2923
2925
292718
292738
292741
292742
292771
2928
2929
292958
292966
29322
2939
2940
29414
2942
2944
2946
2947
2948
2953
2954
2955
2956
2957
2959
2960
2962
2966
2967
29688
2969
29694
29699
2970
29700
2971
29712
29713
29716
2972
29737
29739
29741
29752
29758
29771
29777
29784
29785
29801
2981
29819
2982
2984
29840
29871
2988
2989
2991
2992
29928
2993
2994
29944
29946
29947
29949
2995
2996
29963
29969
3000
3002
3010
3011
3013
3014
3015
30170
3018
3021
3022
3025
3030
3032
30550
3066
3077
3080
3082
3083
3085
3086
3090
3095
3096
3101
3102
3114
3116
3117
3118
3119
3120
3121
3127
3129
3130
3131
3132
3133
3134
3135
3137
3140
3142
3143
3145
3154
3156
3157
3158
3159
3161
3162
3169
3171
3172
31767
31772
31790
31799
31807
31809
3181
31815
31825
3183
3184
3185
3186
31865
31869
3187
3190
3196
3197
3198
3200
3212
3216
3219
3220
32211
32218
3224
322459
3227
3229
3272
3276
3279
3291
3296
3308
3309
3312
3330
3331
3340
33604
33690
33695
33713
33717
33719
33720
33721
3379
338388
338395
338396
3384
338402
338403
338404
338412
338414
338415
338443
338446
338447
338472
3386
3387
3393
3397
3403
3412
3417
3418
3420
34207
3422
34241
34242
34243
34245
34378
3438
34465
34470
3448
345
346
3460
3467
3471
3472
3474
34833
3488
34890
3490
34948
35053
35056
35062
35072
3508
35086
3514
35164
35166
3517
3519
3524
35335
354
35553
357
35923
360
36111
36118
3612
3616
3622
3623
3625
3627
363
3631
3636
3644
3646
365
3657
366239
366256
366260
366275
366306
366307
366310
366322
366329
366342
366359
366366
366371
366389
366416
366441
366448
366452
366472
3665
3667
367
3672
3675
3678
368
3680
3681
368474
368481
368489
368496
368501
368503
368513
368516
368519
368520
368525
368534
368537
368539
368541
368551
3687
369
369006
369011
369016
369037
369057
369062
369065
3691
3702
3703
370350
370363
370375
370390
370399
370402
370404
370410
370413
370414
370416
370421
370427
370430
370449
370450
370452
370466
370467
370476
370483
370491
370495
370501
370505
370519
370534
370535
370543
370547
370565
370582
370587
370600
370602
370624
370638
370649
370660
370662
370665
370688
370689
370690
370693
370698
3707
370721
370724
370740
370744
370750
370753
370761
370765
370768
370793
3708
370809
370811
370815
370823
370825
3709
3716
3719
372
3725
3732
373319
373320
373321
373336
373345
373353
373364
373379
373383
373390
373393
373394
373398
373399
373402
373503
373518
373530
373545
373547
373548
373549
373564
373569
373570
373572
373590
373600
373638
373644
373645
373650
373653
373658
373687
373693
373702
373708
373740
373744
374
376
376237
376241
376253
376259
376260
376262
376278
376285
376301
376319
376321
376323
376328
376331
376338
376339
376354
376361
376371
376379
376387
376393
376395
376409
376411
376412
376430
376447
376467
376469
376478
376491
376495
376499
376512
376515
376523
376527
376567
376578
376587
376591
377
378
378384
378398
378435
378438
378440
378502
378508
378522
380197
380205
380236
380243
380247
380265
380273
380385
380405
380406
380407
380466
380478
380494
380498
380507
380510
380524
3822
382210
382218
382221
382228
382229
382237
382252
382257
382259
382274
382275
382293
382312
382318
382322
382327
382340
382347
382351
382361
382368
382370
382382
382383
382389
382390
382397
382403
382407
382408
382409
3826
3828
382835
382855
382858
382862
382864
382867
382869
382879
382884
382891
382898
3829
382900
382904
382918
382924
382937
382952
382960
382962
382963
382966
382969
382972
382973
382977
382980
382983
382987
382988
382992
383
3830
383004
383009
383010
383024
383031
383037
383060
383075
383081
383082
383087
383088
383092
383095
383096
383104
383127
383134
383146
383149
383152
383154
383160
383164
383167
383168
383170
383171
383172
383173
383174
383195
383208
383229
383247
383260
383276
383292
3833
383325
383359
383371
383420
383430
3838
3840
3841
3842
3844
3853
3854
3857
3858
386
3861
386302
386305
386314
386316
386318
386325
386336
386338
386342
386346
386347
386367
386376
386379
386380
3864
386472
386548
386570
3866
386615
386643
386680
3867
386718
3873
3875
3876
3878
388
3880
3885
3886
3889
389
3890
3892
3894
389439
389452
389455
389496
389501
389514
389519
389554
389558
389574
389579
389584
389605
389615
389628
389630
389631
389669
389678
389684
389687
389690
389699
389715
389717
389720
389731
389743
389747
389748
389750
389752
3900
3912
3917
391792
3918
391862
3919
391930
3921
3923
3925
3927
3929
3930
3933
393816
393841
393843
393854
393861
393871
393889
3939
393903
393912
393932
393951
393969
393970
393971
393972
393973
393982
393990
393993
394
3940
394000
394001
394005
394010
394016
394020
394030
394051
3941
3942
3943
39432
394356
394369
394375
394384
394386
394389
394390
394391
394394
3944
39440
394409
39445
39464
394689
39477
39486
39495
39497
3950
39509
39515
39533
39539
39549
3955
3956
39562
39563
3957
39578
39602
39606
3962
3963
3965
39653
3966
3967
3968
39687
3969
39703
39706
39712
39718
3972
3973
39738
3974
397427
39744
39745
39746
397475
397479
397498
3975
397518
397577
3977
397714
397715
397751
397764
397800
397836
397847
3979
3980
3981
39826
3983
39839
3984
398478
398487
398489
3985
39850
398500
398554
398587
39859
39860
39861
398615
398625
39863
398633
398639
398655
39888
3989
3990
39905
39907
3991
3992
39925
39927
39932
3996
4000
4002
4003
4005
40056
4006
40060
4007
4008
40101
4014
401452
401455
401461
401462
401464
401641
401644
401666
401669
401689
401690
40174
401838
40193
40194
401978
401979
4020
402026
4023
4024
4028
4029
4030
4031
4032
4034
4035
4038
4042
4047
405
4050
405173
405174
405176
405214
405236
405254
405272
405298
405305
405339
40538
405398
405426
40545
405454
4055
4056
4057
4060
4061
4066
4068
407
4072
4073
4074
4075
4076
407647
407652
4077
4079
4080
4085
4088
409
4090
4092
4094
4095
409583
409597
409617
409624
409632
409636
409640
4098
4099
410
4101
4106
4107
4109
412
4120
4121
413
4133
413369
413372
413377
4134
413603
4137
413703
413731
4141
4142
4143
4144
4145
4146
4148
4155
4156
4159
416
4163
4164
4165
419
42024
42025
42029
42040
42049
42050
42054
42056
42059
42066
42067
42069
4209
4210
4211
42160
4217
42186
42187
4219
4220
4221
4223
42265
42277
4231
4234
4238
4252
4254
4256
4263
4264
4265
4266
4267
4270
4272
4274
4276
4280
4284
4287
4288
4290
4291
4293
4294
4296
4298
4299
430
4300
4302
4306
4314
4315
4317
4318
432
4324
4327
433
4332
43331
4336
4337
434
4342
4344
4345
4346
43479
4350
43512
4352
43523
43525
4353
43534
43535
43538
43552
4356
43564
43569
4357
43578
4358
43586
43591
43599
43607
43615
43616
4364
4365
4369
437
4371
43717
4372
4374
4377
4379
43791
43792
4381
4384
4388
4390
4394
4396
440
4403
4405
441
442
44205
44212
44218
44219
44276
44277
44279
44281
44299
44313
44398
4447
445
44500
44501
4457
446
4460
4462
44623
4466
447
4482
44837
44840
44841
44842
4486
449
4491
4494
4498
450
4500
45121
45132
45134
45166
45167
45168
45169
45170
45171
45172
45173
45174
45175
45177
45178
45179
45189
45192
45193
45195
45196
4520
45207
45208
45210
45211
45212
45213
4522
45225
45226
45227
45229
45230
45232
45234
45247
45249
45250
45251
45252
45253
45255
4526
45261
45265
45266
45267
45268
45270
45271
45284
45286
45287
45288
45289
45290
45291
45292
45293
45294
45303
45305
45307
45308
45309
45310
45311
4532
45323
45324
45327
45330
45331
45341
45342
45343
45344
45345
45348
45349
45353
4536
45364
45365
45366
45369
4537
45381
45384
45388
45389
45390
45399
454
4540
45400
45401
45402
45403
45406
45408
45409
45410
45426
45429
45439
45440
45442
45443
45444
45445
45446
4555
456
4562
4567
4571
4579
4583
45834
45840
45841
45859
4589
45960
45973
46079
46080
461
46102
46106
46119
46148
4637
4640
4642
4643
46457
4650
4651
46510
4652
4654
46546
46547
46548
46550
46556
466
46615
46622
4665
4667
4668
46694
467
4679
4684
4686
4687
4689
469
4690
470
4700
4703
4704
4711
4712
4714
4721
4722
47223
4724
47280
47282
473
4734
4738
474
4744
4745
4746
475
4751
4752
4755
47587
476
47601
4765
4766
4768
4769
4772
4778
47781
47784
47785
47787
47789
478
47800
4785
4786
4787
4788
4789
4790
4791
4794
4796
4797
4803
4807
4814
48148
4818
4824
4825
4828
4829
4830
4831
4832
4838
4839
484
4841
48427
48431
48438
48439
4849
485
4855
4857
4858
486
4861
4862
4863
487
4871
4873
4886
4887
4888
4890
4900
4901
4902
4903
49038
4904
4905
4907
491
4912
4915
4916
4917
4918
4920
4921
496
497
498
49828
499
50
500
501
50136
50163
502
50247
50296
503
50321
50338
50349
50445
50487
50510
507
508
50834
51
5100
5103
5106
5108
51086
51102
51161
51166
51177
51189
5120
5122
51220
513
5130
5134
514
5140
5141
5142
5145
515
5153
5154
5155
5156
5158
51628
5163
5166
5168
517
5170
5181
519
5190
5196
5197
5199
5201
5211
5217
5219
522
5220
5224
5229
523
5233
5235
5236
5237
5238
5239
524
5242
5245
5246
5247
525
5258
5262
5265
5267
5269
5272
5273
5274
530
5541
5543
5546
555
5555
5559
556
5567
5568
5569
557
5571
5573
5577
558
5585
5586
5591
5597
5603
5606
5613
5625
5627
5634
5636
564
565
5652
5653
5656
5657
566
5660
5666
5669
5671
5678
568
5683
5686
569
5691
5695
570
5701
5704
5706
5708
5713
5729
5736
5751
5753
5759
5771
5772
5774
5776
5781
5823
5838
5851
5852
5860
5861
5863
5866
5867
59
6032
6033
6035
6042
6053
6056
6058
6065
6067
6068
6073
6079
6081
6082
6084
6094
6106
6107
6110
6111
6127
6129
6133
6135
6144
6145
6152
6155
62
647
648
6491
6493
6495
6497
6498
6499
65
6505
6506
6509
6514
6515
6517
6523
6536
6539
6546
6547
6551
6552
6555
6556
6559
656
6565
6568
6574
6575
6576
6581
6582
6583
6584
6585
6587
6588
659
6596
6597
6598
6604
6605
6607
6611
6614
6618
6619
662
6625
6626
6627
6628
6634
6635
6636
6637
665
667
669
670
671
674
676
678
679
68
680
685
688
690
691
696
70
707
709
711
712
714
715
718
72
721
72928
73
732
734
735
73570
73573
73578
73579
73597
736
739
74
74017
74028
74033
74048
74084
74108
74190
742
743
74396
744
74401
74433
74445
74448
74518
74534
74572
74576
74587
74600
74626
74646
747
748
749
751
752
75268
75286
756
758
763
768
769
77
771
77138
772
775
776
777
778
77920
77922
780
78590
786
78697
787
788
78855
789
78968
79
79222
79236
79242
793
798
799
800
801
802
803
804
805
809
81
810
815
816
817
819
81976
81983
82
821
824
82423
825
826
827
82950
82951
82957
82968
82978
82988
82992
82998
83
83011
83018
83040
83061
83069
83072
83073
83074
83075
83084
83096
83105
83107
83111
83114
83115
83120
83123
83125
83128
83150
83151
83154
83155
83157
83158
83162
83165
83175
83185
83186
83190
83193
832
83200
83205
83215
83218
83222
83235
83244
83246
83247
83249
83254
83258
83259
83272
83273
83286
83298
83303
83305
83334
83336
83341
83346
83354
83364
83384
83410
83412
83416
83441
83451
83463
83464
83515
83525
83559
83562
83584
83588
83599
83625
83631
83647
83688
83702
83712
83738
83745
83754
83771
83833
83838
83850
83869
83893
83973
83977
84054
84071
84072
84098
84112
84127
84364
84393
84456
84505
84508
84522
84530
84540
84661
84663
84682
84688
857
858
859
860
866
867
868
870
871
872
87347
87898
87899
87904
87906
87913
87915
87918
87928
87932
87936
87947
87950
87952
87964
87967
87984
87986
87987
87988
87989
87990
88
8824
88791
88960
88968
88973
88981
88983
88990
88994
89010
89021
89026
89028
89038
8905
89053
89061
89074
89079
89082
89083
89086
89092
91
914
915
916
917
918
919
920
921
922
923
926
927
929
93
932
933
934
935
937
938
939
94
940
945
946
947
949
94914
950
952
953
954
955
956
957
958
959
961
962
964
965
966
967
968
96825
96841
96849
96860
96891
96899
96901
96903
96908
96920
96921
96945
96949
96952
96957
96966
96972
97043
97044
97045
97047
97049
97051
97052
97053
97059
97060
97061
97062
97063
97064
97065
97066
97067
97068
97077
97091
97094
97104
97106
97108
97112
9713
97197
97199
97201
97202
97222
97236
9724
975
976
979
981
982
9842
9844
9845
9849
9851
99
